0.000000000000000000e+00
0.000000000000000000e+00
1.580000000000000016e-01
1.580000000000000016e-01
1.580000000000000016e-01
1.580000000000000016e-01
1.580000000000000016e-01
1.580000000000000016e-01
1.580000000000000016e-01
1.580000000000000016e-01
1.580000000000000016e-01
1.580000000000000016e-01
1.580000000000000016e-01
1.580000000000000016e-01
1.580000000000000016e-01
1.570000000000000007e-01
1.570000000000000007e-01
1.559999999999999998e-01
1.559999999999999998e-01
1.570000000000000007e-01
1.580000000000000016e-01
1.590000000000000024e-01
1.600000000000000033e-01
1.630000000000000060e-01
1.660000000000000087e-01
1.710000000000000131e-01
1.759999999999999898e-01
1.819999999999999951e-01
1.910000000000000031e-01
1.990000000000000102e-01
2.099999999999999922e-01
2.220000000000000029e-01
2.359999999999999876e-01
2.530000000000000027e-01
2.700000000000000178e-01
2.889999999999999791e-01
3.109999999999999987e-01
3.109999999999999987e-01
3.589999999999999858e-01
3.840000000000000080e-01
4.109999999999999765e-01
4.390000000000000013e-01
4.969999999999999973e-01
5.260000000000000231e-01
5.560000000000000497e-01
5.839999999999999636e-01
6.109999999999999876e-01
6.390000000000000124e-01
6.630000000000000338e-01
6.840000000000000524e-01
7.039999999999999591e-01
7.209999999999999742e-01
7.349999999999999867e-01
7.459999999999999964e-01
7.540000000000000036e-01
7.570000000000000062e-01
7.570000000000000062e-01
7.570000000000000062e-01
7.540000000000000036e-01
7.349999999999999867e-01
7.219999999999999751e-01
7.059999999999999609e-01
6.889999999999999458e-01
6.700000000000000400e-01
6.500000000000000222e-01
6.280000000000000027e-01
6.039999999999999813e-01
5.789999999999999591e-01
5.540000000000000480e-01
5.540000000000000480e-01
5.540000000000000480e-01
5.540000000000000480e-01
5.540000000000000480e-01
5.540000000000000480e-01
5.540000000000000480e-01
5.540000000000000480e-01
5.540000000000000480e-01
5.540000000000000480e-01
5.540000000000000480e-01
2.929999999999999827e-01
2.750000000000000222e-01
2.750000000000000222e-01
2.310000000000000109e-01
2.310000000000000109e-01
2.200000000000000011e-01
2.200000000000000011e-01
2.200000000000000011e-01
2.200000000000000011e-01
2.000000000000000111e-01
1.809999999999999942e-01
1.789999999999999925e-01
1.789999999999999925e-01
1.789999999999999925e-01
1.799999999999999933e-01
1.829999999999999960e-01
1.869999999999999996e-01
1.920000000000000040e-01
1.980000000000000093e-01
2.059999999999999887e-01
2.260000000000000064e-01
2.260000000000000064e-01
2.379999999999999893e-01
2.510000000000000009e-01
2.810000000000000275e-01
2.979999999999999871e-01
3.170000000000000040e-01
3.170000000000000040e-01
3.380000000000000226e-01
3.380000000000000226e-01
4.099999999999999756e-01
4.359999999999999987e-01
4.620000000000000218e-01
4.899999999999999911e-01
5.190000000000000169e-01
5.470000000000000417e-01
5.759999999999999565e-01
6.039999999999999813e-01
6.320000000000000062e-01
6.610000000000000320e-01
6.899999999999999467e-01
7.179999999999999716e-01
7.459999999999999964e-01
7.720000000000000195e-01
7.970000000000000417e-01
8.219999999999999529e-01
8.459999999999999742e-01
8.689999999999999947e-01
9.090000000000000302e-01
9.270000000000000462e-01
9.459999999999999520e-01
9.609999999999999654e-01
9.779999999999999805e-01
9.909999999999999920e-01
1.002999999999999892e+00
1.012999999999999901e+00
1.020000000000000018e+00
1.026000000000000023e+00
1.030000000000000027e+00
1.032000000000000028e+00
1.032000000000000028e+00
1.030999999999999917e+00
1.028000000000000025e+00
1.022999999999999909e+00
1.016999999999999904e+00
1.016999999999999904e+00
1.016999999999999904e+00
1.016999999999999904e+00
1.016999999999999904e+00
1.016999999999999904e+00
1.016999999999999904e+00
1.016999999999999904e+00
1.016999999999999904e+00
1.008999999999999897e+00
8.709999999999999964e-01
8.509999999999999787e-01
8.299999999999999600e-01
7.850000000000000311e-01
7.600000000000000089e-01
7.600000000000000089e-01
7.139999999999999680e-01
6.879999999999999449e-01
6.630000000000000338e-01
6.380000000000000115e-01
6.380000000000000115e-01
5.849999999999999645e-01
5.580000000000000515e-01
5.320000000000000284e-01
5.060000000000000053e-01
4.779999999999999805e-01
4.520000000000000129e-01
4.259999999999999898e-01
3.990000000000000213e-01
3.739999999999999991e-01
3.509999999999999787e-01
3.270000000000000129e-01
3.059999999999999942e-01
2.859999999999999765e-01
2.680000000000000160e-01
2.510000000000000009e-01
2.359999999999999876e-01
2.230000000000000038e-01
2.129999999999999949e-01
1.950000000000000067e-01
1.900000000000000022e-01
1.849999999999999978e-01
1.819999999999999951e-01
1.809999999999999942e-01
1.799999999999999933e-01
1.809999999999999942e-01
1.839999999999999969e-01
1.869999999999999996e-01
1.930000000000000049e-01
1.990000000000000102e-01
2.069999999999999896e-01
2.159999999999999976e-01
2.260000000000000064e-01
2.379999999999999893e-01
2.530000000000000027e-01
2.680000000000000160e-01
2.849999999999999756e-01
3.029999999999999916e-01
3.230000000000000093e-01
3.439999999999999725e-01
3.669999999999999929e-01
3.910000000000000142e-01
4.159999999999999809e-01
4.430000000000000049e-01
4.699999999999999734e-01
4.969999999999999973e-01
5.240000000000000213e-01
5.520000000000000462e-01
6.079999999999999849e-01
6.079999999999999849e-01
6.360000000000000098e-01
6.640000000000000346e-01
7.179999999999999716e-01
7.179999999999999716e-01
7.429999999999999938e-01
7.930000000000000382e-01
8.159999999999999476e-01
8.379999999999999671e-01
8.579999999999999849e-01
8.790000000000000036e-01
8.990000000000000213e-01
9.160000000000000364e-01
9.350000000000000533e-01
9.509999999999999565e-01
9.669999999999999707e-01
9.809999999999999831e-01
9.939999999999999947e-01
1.004999999999999893e+00
1.012999999999999901e+00
1.020000000000000018e+00
1.024999999999999911e+00
1.028999999999999915e+00
1.030999999999999917e+00
1.032000000000000028e+00
1.030999999999999917e+00
1.030999999999999917e+00
1.030999999999999917e+00
1.030999999999999917e+00
1.008000000000000007e+00
1.008000000000000007e+00
