0.000000000000000000e+00
0.000000000000000000e+00
1.189999999999999947e-01
1.189999999999999947e-01
1.189999999999999947e-01
1.189999999999999947e-01
1.189999999999999947e-01
1.189999999999999947e-01
1.189999999999999947e-01
1.189999999999999947e-01
1.189999999999999947e-01
1.189999999999999947e-01
1.189999999999999947e-01
1.189999999999999947e-01
1.189999999999999947e-01
1.189999999999999947e-01
1.179999999999999938e-01
1.179999999999999938e-01
1.179999999999999938e-01
1.189999999999999947e-01
1.229999999999999982e-01
1.280000000000000027e-01
1.350000000000000089e-01
1.439999999999999891e-01
1.559999999999999998e-01
1.690000000000000113e-01
1.839999999999999969e-01
2.039999999999999869e-01
2.230000000000000038e-01
2.479999999999999982e-01
2.740000000000000213e-01
3.009999999999999898e-01
3.320000000000000173e-01
3.639999999999999902e-01
3.980000000000000204e-01
4.339999999999999969e-01
4.689999999999999725e-01
4.689999999999999725e-01
5.430000000000000382e-01
5.769999999999999574e-01
6.119999999999999885e-01
6.440000000000000169e-01
6.999999999999999556e-01
7.219999999999999751e-01
7.429999999999999938e-01
7.580000000000000071e-01
7.700000000000000178e-01
7.790000000000000258e-01
7.820000000000000284e-01
7.810000000000000275e-01
7.750000000000000222e-01
7.650000000000000133e-01
7.489999999999999991e-01
7.309999999999999831e-01
7.089999999999999636e-01
6.820000000000000506e-01
6.550000000000000266e-01
6.550000000000000266e-01
6.209999999999999964e-01
5.550000000000000488e-01
5.190000000000000169e-01
4.809999999999999831e-01
4.460000000000000075e-01
4.060000000000000275e-01
3.679999999999999938e-01
3.290000000000000147e-01
2.899999999999999800e-01
2.520000000000000018e-01
2.109999999999999931e-01
2.109999999999999931e-01
2.109999999999999931e-01
2.109999999999999931e-01
2.109999999999999931e-01
2.109999999999999931e-01
2.109999999999999931e-01
2.109999999999999931e-01
2.109999999999999931e-01
2.109999999999999931e-01
2.109999999999999931e-01
-2.200000000000000011e-01
-2.620000000000000107e-01
-2.620000000000000107e-01
-3.760000000000000009e-01
-3.760000000000000009e-01
-4.139999999999999791e-01
-4.139999999999999791e-01
-4.139999999999999791e-01
-4.139999999999999791e-01
-4.839999999999999858e-01
-5.909999999999999698e-01
-6.089999999999999858e-01
-6.280000000000000027e-01
-6.390000000000000124e-01
-6.460000000000000187e-01
-6.500000000000000222e-01
-6.500000000000000222e-01
-6.440000000000000169e-01
-6.350000000000000089e-01
-6.219999999999999973e-01
-5.859999999999999654e-01
-5.859999999999999654e-01
-5.629999999999999449e-01
-5.380000000000000338e-01
-4.819999999999999840e-01
-4.510000000000000120e-01
-4.189999999999999836e-01
-4.189999999999999836e-01
-3.850000000000000089e-01
-3.850000000000000089e-01
-2.740000000000000213e-01
-2.359999999999999876e-01
-1.980000000000000093e-01
-1.610000000000000042e-01
-1.219999999999999973e-01
-8.200000000000000344e-02
-4.399999999999999745e-02
-4.000000000000000083e-03
3.599999999999999728e-02
7.499999999999999722e-02
1.150000000000000050e-01
1.559999999999999998e-01
1.940000000000000058e-01
2.359999999999999876e-01
2.750000000000000222e-01
3.140000000000000013e-01
3.539999999999999813e-01
3.930000000000000160e-01
4.729999999999999760e-01
5.120000000000000107e-01
5.510000000000000453e-01
5.909999999999999698e-01
6.300000000000000044e-01
6.680000000000000382e-01
7.009999999999999565e-01
7.359999999999999876e-01
7.650000000000000133e-01
7.920000000000000373e-01
8.169999999999999485e-01
8.359999999999999654e-01
8.539999999999999813e-01
8.659999999999999920e-01
8.739999999999999991e-01
8.780000000000000027e-01
8.780000000000000027e-01
8.780000000000000027e-01
8.780000000000000027e-01
8.780000000000000027e-01
8.780000000000000027e-01
8.780000000000000027e-01
8.780000000000000027e-01
8.780000000000000027e-01
8.780000000000000027e-01
8.729999999999999982e-01
6.610000000000000320e-01
6.250000000000000000e-01
5.889999999999999680e-01
5.130000000000000115e-01
4.759999999999999787e-01
4.759999999999999787e-01
3.980000000000000204e-01
3.589999999999999858e-01
3.180000000000000049e-01
2.790000000000000258e-01
2.790000000000000258e-01
1.980000000000000093e-01
1.580000000000000016e-01
1.179999999999999938e-01
7.900000000000000078e-02
3.899999999999999994e-02
0.000000000000000000e+00
-3.899999999999999994e-02
-7.900000000000000078e-02
-1.179999999999999938e-01
-1.570000000000000007e-01
-1.970000000000000084e-01
-2.369999999999999885e-01
-2.750000000000000222e-01
-3.150000000000000022e-01
-3.529999999999999805e-01
-3.890000000000000124e-01
-4.249999999999999889e-01
-4.600000000000000200e-01
-5.210000000000000187e-01
-5.480000000000000426e-01
-5.739999999999999547e-01
-5.949999999999999734e-01
-6.119999999999999885e-01
-6.250000000000000000e-01
-6.340000000000000080e-01
-6.390000000000000124e-01
-6.390000000000000124e-01
-6.350000000000000089e-01
-6.280000000000000027e-01
-6.129999999999999893e-01
-5.979999999999999760e-01
-5.799999999999999600e-01
-5.580000000000000515e-01
-5.320000000000000284e-01
-5.040000000000000036e-01
-4.729999999999999760e-01
-4.410000000000000031e-01
-4.069999999999999729e-01
-3.709999999999999964e-01
-3.350000000000000200e-01
-2.969999999999999862e-01
-2.590000000000000080e-01
-2.220000000000000029e-01
-1.839999999999999969e-01
-1.449999999999999900e-01
-1.079999999999999988e-01
-6.900000000000000577e-02
1.000000000000000021e-02
1.000000000000000021e-02
5.099999999999999672e-02
9.099999999999999756e-02
1.690000000000000113e-01
1.690000000000000113e-01
2.099999999999999922e-01
2.889999999999999791e-01
3.280000000000000138e-01
3.669999999999999929e-01
4.060000000000000275e-01
4.460000000000000075e-01
4.859999999999999876e-01
5.260000000000000231e-01
5.649999999999999467e-01
6.039999999999999813e-01
6.440000000000000169e-01
6.790000000000000480e-01
7.159999999999999698e-01
7.479999999999999982e-01
7.790000000000000258e-01
8.060000000000000497e-01
8.299999999999999600e-01
8.519999999999999796e-01
8.699999999999999956e-01
8.830000000000000071e-01
8.930000000000000160e-01
8.930000000000000160e-01
8.930000000000000160e-01
8.930000000000000160e-01
8.890000000000000124e-01
8.890000000000000124e-01
