0.000000000000000000e+00
0.000000000000000000e+00
2.699999999999999969e-02
2.699999999999999969e-02
2.699999999999999969e-02
2.699999999999999969e-02
2.699999999999999969e-02
2.699999999999999969e-02
2.699999999999999969e-02
2.699999999999999969e-02
2.699999999999999969e-02
2.699999999999999969e-02
2.699999999999999969e-02
2.699999999999999969e-02
2.699999999999999969e-02
2.599999999999999881e-02
2.599999999999999881e-02
2.699999999999999969e-02
2.699999999999999969e-02
2.800000000000000058e-02
2.900000000000000147e-02
3.099999999999999978e-02
3.400000000000000244e-02
3.699999999999999817e-02
4.000000000000000083e-02
4.499999999999999833e-02
5.000000000000000278e-02
5.600000000000000117e-02
6.199999999999999956e-02
6.900000000000000577e-02
7.599999999999999811e-02
8.300000000000000433e-02
9.099999999999999756e-02
9.900000000000000466e-02
1.059999999999999970e-01
1.130000000000000032e-01
1.189999999999999947e-01
1.189999999999999947e-01
1.290000000000000036e-01
1.330000000000000071e-01
1.360000000000000098e-01
1.370000000000000107e-01
1.370000000000000107e-01
1.360000000000000098e-01
1.340000000000000080e-01
1.300000000000000044e-01
1.250000000000000000e-01
1.199999999999999956e-01
1.140000000000000041e-01
1.069999999999999979e-01
9.900000000000000466e-02
9.099999999999999756e-02
8.300000000000000433e-02
7.299999999999999545e-02
6.300000000000000044e-02
5.299999999999999850e-02
4.299999999999999656e-02
4.299999999999999656e-02
3.099999999999999978e-02
8.999999999999999320e-03
-3.000000000000000062e-03
-1.400000000000000029e-02
-2.599999999999999881e-02
-3.799999999999999906e-02
-5.000000000000000278e-02
-6.199999999999999956e-02
-7.399999999999999634e-02
-8.500000000000000611e-02
-9.700000000000000289e-02
-9.700000000000000289e-02
-9.700000000000000289e-02
-9.700000000000000289e-02
-9.700000000000000289e-02
-9.700000000000000289e-02
-9.700000000000000289e-02
-9.700000000000000289e-02
-9.700000000000000289e-02
-9.700000000000000289e-02
-9.700000000000000289e-02
-2.290000000000000091e-01
-2.409999999999999920e-01
-2.409999999999999920e-01
-2.750000000000000222e-01
-2.750000000000000222e-01
-2.849999999999999756e-01
-2.849999999999999756e-01
-2.849999999999999756e-01
-2.849999999999999756e-01
-3.039999999999999925e-01
-3.310000000000000164e-01
-3.350000000000000200e-01
-3.380000000000000226e-01
-3.400000000000000244e-01
-3.400000000000000244e-01
-3.400000000000000244e-01
-3.380000000000000226e-01
-3.350000000000000200e-01
-3.310000000000000164e-01
-3.260000000000000120e-01
-3.130000000000000004e-01
-3.130000000000000004e-01
-3.049999999999999933e-01
-2.969999999999999862e-01
-2.780000000000000249e-01
-2.680000000000000160e-01
-2.570000000000000062e-01
-2.570000000000000062e-01
-2.459999999999999964e-01
-2.459999999999999964e-01
-2.119999999999999940e-01
-2.000000000000000111e-01
-1.880000000000000004e-01
-1.759999999999999898e-01
-1.630000000000000060e-01
-1.509999999999999953e-01
-1.390000000000000124e-01
-1.260000000000000009e-01
-1.140000000000000041e-01
-1.010000000000000064e-01
-8.899999999999999578e-02
-7.699999999999999900e-02
-6.400000000000000133e-02
-5.099999999999999672e-02
-4.000000000000000083e-02
-2.699999999999999969e-02
-1.400000000000000029e-02
-2.000000000000000042e-03
2.299999999999999961e-02
3.500000000000000333e-02
4.599999999999999922e-02
5.700000000000000205e-02
6.800000000000000488e-02
7.799999999999999989e-02
8.599999999999999312e-02
9.400000000000000022e-02
1.019999999999999934e-01
1.079999999999999988e-01
1.130000000000000032e-01
1.170000000000000068e-01
1.189999999999999947e-01
1.199999999999999956e-01
1.199999999999999956e-01
1.179999999999999938e-01
1.150000000000000050e-01
1.150000000000000050e-01
1.150000000000000050e-01
1.150000000000000050e-01
1.150000000000000050e-01
1.150000000000000050e-01
1.150000000000000050e-01
1.150000000000000050e-01
1.150000000000000050e-01
1.110000000000000014e-01
3.799999999999999906e-02
2.699999999999999969e-02
1.600000000000000033e-02
-7.000000000000000146e-03
-1.899999999999999953e-02
-1.899999999999999953e-02
-4.299999999999999656e-02
-5.399999999999999939e-02
-6.600000000000000311e-02
-7.799999999999999989e-02
-7.799999999999999989e-02
-1.019999999999999934e-01
-1.140000000000000041e-01
-1.260000000000000009e-01
-1.370000000000000107e-01
-1.499999999999999944e-01
-1.620000000000000051e-01
-1.739999999999999880e-01
-1.849999999999999978e-01
-1.980000000000000093e-01
-2.099999999999999922e-01
-2.220000000000000029e-01
-2.340000000000000135e-01
-2.449999999999999956e-01
-2.560000000000000053e-01
-2.680000000000000160e-01
-2.780000000000000249e-01
-2.879999999999999782e-01
-2.969999999999999862e-01
-3.140000000000000013e-01
-3.210000000000000075e-01
-3.260000000000000120e-01
-3.310000000000000164e-01
-3.340000000000000191e-01
-3.370000000000000218e-01
-3.380000000000000226e-01
-3.370000000000000218e-01
-3.360000000000000209e-01
-3.330000000000000182e-01
-3.290000000000000147e-01
-3.240000000000000102e-01
-3.180000000000000049e-01
-3.109999999999999987e-01
-3.029999999999999916e-01
-2.949999999999999845e-01
-2.859999999999999765e-01
-2.760000000000000231e-01
-2.650000000000000133e-01
-2.540000000000000036e-01
-2.429999999999999938e-01
-2.320000000000000118e-01
-2.190000000000000002e-01
-2.079999999999999905e-01
-1.960000000000000075e-01
-1.839999999999999969e-01
-1.710000000000000131e-01
-1.590000000000000024e-01
-1.469999999999999918e-01
-1.209999999999999964e-01
-1.209999999999999964e-01
-1.089999999999999997e-01
-9.700000000000000289e-02
-7.199999999999999456e-02
-7.199999999999999456e-02
-5.999999999999999778e-02
-3.500000000000000333e-02
-2.199999999999999872e-02
-1.000000000000000021e-02
2.000000000000000042e-03
1.499999999999999944e-02
2.699999999999999969e-02
3.799999999999999906e-02
5.000000000000000278e-02
6.099999999999999867e-02
7.099999999999999367e-02
8.100000000000000255e-02
8.999999999999999667e-02
9.800000000000000377e-02
1.049999999999999961e-01
1.110000000000000014e-01
1.160000000000000059e-01
1.199999999999999956e-01
1.219999999999999973e-01
1.239999999999999991e-01
1.250000000000000000e-01
1.250000000000000000e-01
1.250000000000000000e-01
1.250000000000000000e-01
1.140000000000000041e-01
1.140000000000000041e-01
