0.000000000000000000e+00
2.000000000000000042e-02
4.000000000000000083e-02
5.999999999999999778e-02
8.000000000000000167e-02
1.000000000000000056e-01
1.199999999999999956e-01
1.400000000000000133e-01
1.600000000000000033e-01
1.900000000000000022e-01
2.099999999999999922e-01
2.300000000000000100e-01
2.500000000000000000e-01
2.700000000000000178e-01
2.899999999999999800e-01
3.099999999999999978e-01
3.300000000000000155e-01
3.499999999999999778e-01
3.699999999999999956e-01
3.900000000000000133e-01
4.099999999999999756e-01
4.299999999999999933e-01
4.500000000000000111e-01
4.799999999999999822e-01
5.000000000000000000e-01
5.200000000000000178e-01
5.400000000000000355e-01
5.600000000000000533e-01
5.799999999999999600e-01
5.999999999999999778e-01
6.199999999999999956e-01
6.400000000000000133e-01
6.600000000000000311e-01
6.800000000000000488e-01
6.999999999999999556e-01
7.199999999999999734e-01
7.399999999999999911e-01
7.700000000000000178e-01
7.900000000000000355e-01
8.100000000000000533e-01
8.299999999999999600e-01
8.499999999999999778e-01
8.699999999999999956e-01
8.900000000000000133e-01
9.100000000000000311e-01
9.300000000000000488e-01
9.499999999999999556e-01
9.699999999999999734e-01
9.899999999999999911e-01
1.010000000000000009e+00
1.030000000000000027e+00
1.060000000000000053e+00
1.080000000000000071e+00
1.100000000000000089e+00
1.120000000000000107e+00
1.139999999999999902e+00
1.159999999999999920e+00
1.179999999999999938e+00
1.199999999999999956e+00
1.219999999999999973e+00
1.239999999999999991e+00
1.260000000000000009e+00
1.280000000000000027e+00
1.300000000000000044e+00
1.320000000000000062e+00
1.350000000000000089e+00
1.370000000000000107e+00
1.389999999999999902e+00
1.409999999999999920e+00
1.429999999999999938e+00
1.449999999999999956e+00
1.469999999999999973e+00
1.489999999999999991e+00
1.510000000000000009e+00
1.530000000000000027e+00
1.550000000000000044e+00
1.570000000000000062e+00
1.590000000000000080e+00
1.610000000000000098e+00
1.639999999999999902e+00
1.659999999999999920e+00
1.679999999999999938e+00
1.699999999999999956e+00
1.719999999999999973e+00
1.739999999999999991e+00
1.760000000000000009e+00
1.780000000000000027e+00
1.800000000000000044e+00
1.820000000000000062e+00
1.840000000000000080e+00
1.860000000000000098e+00
1.879999999999999893e+00
1.899999999999999911e+00
1.929999999999999938e+00
1.949999999999999956e+00
1.969999999999999973e+00
1.989999999999999991e+00
2.009999999999999787e+00
2.029999999999999805e+00
2.049999999999999822e+00
2.069999999999999840e+00
2.089999999999999858e+00
2.109999999999999876e+00
2.129999999999999893e+00
2.149999999999999911e+00
2.169999999999999929e+00
2.189999999999999947e+00
2.220000000000000195e+00
2.240000000000000213e+00
2.259999999999999787e+00
2.279999999999999805e+00
2.299999999999999822e+00
2.319999999999999840e+00
2.339999999999999858e+00
2.359999999999999876e+00
2.379999999999999893e+00
2.399999999999999911e+00
2.419999999999999929e+00
2.439999999999999947e+00
2.459999999999999964e+00
2.479999999999999982e+00
2.509999999999999787e+00
2.529999999999999805e+00
2.549999999999999822e+00
2.569999999999999840e+00
2.589999999999999858e+00
2.609999999999999876e+00
2.629999999999999893e+00
2.649999999999999911e+00
2.669999999999999929e+00
2.689999999999999947e+00
2.709999999999999964e+00
2.729999999999999982e+00
2.750000000000000000e+00
2.770000000000000018e+00
2.790000000000000036e+00
2.819999999999999840e+00
2.839999999999999858e+00
2.859999999999999876e+00
2.879999999999999893e+00
2.899999999999999911e+00
2.919999999999999929e+00
2.939999999999999947e+00
2.959999999999999964e+00
2.979999999999999982e+00
3.000000000000000000e+00
3.020000000000000018e+00
3.040000000000000036e+00
3.060000000000000053e+00
3.080000000000000071e+00
3.109999999999999876e+00
3.129999999999999893e+00
3.149999999999999911e+00
3.169999999999999929e+00
3.189999999999999947e+00
3.209999999999999964e+00
3.229999999999999982e+00
3.250000000000000000e+00
3.270000000000000018e+00
3.290000000000000036e+00
3.310000000000000053e+00
3.330000000000000071e+00
3.350000000000000089e+00
3.370000000000000107e+00
3.399999999999999911e+00
3.419999999999999929e+00
3.439999999999999947e+00
3.459999999999999964e+00
3.479999999999999982e+00
3.500000000000000000e+00
3.520000000000000018e+00
3.540000000000000036e+00
3.560000000000000053e+00
3.580000000000000071e+00
3.600000000000000089e+00
3.620000000000000107e+00
3.640000000000000124e+00
3.660000000000000142e+00
3.689999999999999947e+00
3.709999999999999964e+00
3.729999999999999982e+00
3.750000000000000000e+00
3.770000000000000018e+00
3.790000000000000036e+00
3.810000000000000053e+00
3.830000000000000071e+00
3.850000000000000089e+00
3.870000000000000107e+00
3.890000000000000124e+00
3.910000000000000142e+00
3.930000000000000160e+00
3.950000000000000178e+00
3.979999999999999982e+00
4.000000000000000000e+00
4.019999999999999574e+00
4.040000000000000036e+00
4.059999999999999609e+00
4.080000000000000071e+00
4.099999999999999645e+00
4.120000000000000107e+00
4.139999999999999680e+00
4.160000000000000142e+00
4.179999999999999716e+00
4.200000000000000178e+00
4.219999999999999751e+00
4.240000000000000213e+00
4.269999999999999574e+00
4.290000000000000036e+00
4.309999999999999609e+00
4.330000000000000071e+00
4.349999999999999645e+00
4.370000000000000107e+00
4.389999999999999680e+00
4.410000000000000142e+00
4.429999999999999716e+00
4.450000000000000178e+00
4.469999999999999751e+00
4.490000000000000213e+00
4.509999999999999787e+00
4.540000000000000036e+00
4.559999999999999609e+00
4.580000000000000071e+00
4.599999999999999645e+00
4.620000000000000107e+00
4.639999999999999680e+00
4.660000000000000142e+00
4.679999999999999716e+00
4.700000000000000178e+00
4.719999999999999751e+00
4.740000000000000213e+00
4.759999999999999787e+00
4.780000000000000249e+00
4.799999999999999822e+00
4.830000000000000071e+00
4.849999999999999645e+00
4.870000000000000107e+00
4.889999999999999680e+00
4.910000000000000142e+00
4.929999999999999716e+00
4.950000000000000178e+00
4.969999999999999751e+00
4.990000000000000213e+00
5.009999999999999787e+00
