0.000000000000000000e+00
0.000000000000000000e+00
0.000000000000000000e+00
0.000000000000000000e+00
0.000000000000000000e+00
6.400000000000000133e-01
6.400000000000000133e-01
6.400000000000000133e-01
6.400000000000000133e-01
6.400000000000000133e-01
6.400000000000000133e-01
6.400000000000000133e-01
6.400000000000000133e-01
6.400000000000000133e-01
6.400000000000000133e-01
6.390000000000000124e-01
6.380000000000000115e-01
6.380000000000000115e-01
6.360000000000000098e-01
6.390000000000000124e-01
6.390000000000000124e-01
6.460000000000000187e-01
6.530000000000000249e-01
6.610000000000000320e-01
6.710000000000000409e-01
6.840000000000000524e-01
6.999999999999999556e-01
7.159999999999999698e-01
7.339999999999999858e-01
7.339999999999999858e-01
7.339999999999999858e-01
7.339999999999999858e-01
7.780000000000000249e-01
7.780000000000000249e-01
7.780000000000000249e-01
8.279999999999999583e-01
9.030000000000000249e-01
9.030000000000000249e-01
9.649999999999999689e-01
9.829999999999999849e-01
9.979999999999999982e-01
9.979999999999999982e-01
1.010000000000000009e+00
1.026999999999999913e+00
1.030999999999999917e+00
1.032999999999999918e+00
1.032999999999999918e+00
1.030999999999999917e+00
1.026999999999999913e+00
1.012999999999999901e+00
1.002999999999999892e+00
9.919999999999999929e-01
9.799999999999999822e-01
9.639999999999999680e-01
9.479999999999999538e-01
9.300000000000000488e-01
9.110000000000000320e-01
8.910000000000000142e-01
8.699999999999999956e-01
8.469999999999999751e-01
8.239999999999999547e-01
7.990000000000000435e-01
7.990000000000000435e-01
7.990000000000000435e-01
7.990000000000000435e-01
7.990000000000000435e-01
7.459999999999999964e-01
6.320000000000000062e-01
6.320000000000000062e-01
6.039999999999999813e-01
6.039999999999999813e-01
5.220000000000000195e-01
4.969999999999999973e-01
4.719999999999999751e-01
4.719999999999999751e-01
4.259999999999999898e-01
3.830000000000000071e-01
3.830000000000000071e-01
3.639999999999999902e-01
3.639999999999999902e-01
3.449999999999999734e-01
2.949999999999999845e-01
2.949999999999999845e-01
2.800000000000000266e-01
2.800000000000000266e-01
2.800000000000000266e-01
2.800000000000000266e-01
2.800000000000000266e-01
2.800000000000000266e-01
2.139999999999999958e-01
2.020000000000000129e-01
2.020000000000000129e-01
1.980000000000000093e-01
1.950000000000000067e-01
1.910000000000000031e-01
1.910000000000000031e-01
1.910000000000000031e-01
1.930000000000000049e-01
1.970000000000000084e-01
2.000000000000000111e-01
2.059999999999999887e-01
2.129999999999999949e-01
2.210000000000000020e-01
2.210000000000000020e-01
2.310000000000000109e-01
2.670000000000000151e-01
2.670000000000000151e-01
2.979999999999999871e-01
2.979999999999999871e-01
3.160000000000000031e-01
3.360000000000000209e-01
3.830000000000000071e-01
4.079999999999999738e-01
4.079999999999999738e-01
4.640000000000000235e-01
4.640000000000000235e-01
5.230000000000000204e-01
5.230000000000000204e-01
5.230000000000000204e-01
5.540000000000000480e-01
6.179999999999999938e-01
6.510000000000000231e-01
6.510000000000000231e-01
7.439999999999999947e-01
7.750000000000000222e-01
8.030000000000000471e-01
8.299999999999999600e-01
8.299999999999999600e-01
8.800000000000000044e-01
9.020000000000000240e-01
9.230000000000000426e-01
9.419999999999999485e-01
9.599999999999999645e-01
9.759999999999999787e-01
9.909999999999999920e-01
1.002000000000000002e+00
1.012000000000000011e+00
1.018999999999999906e+00
1.018999999999999906e+00
1.030000000000000027e+00
1.032000000000000028e+00
1.032999999999999918e+00
1.030999999999999917e+00
1.026999999999999913e+00
1.026999999999999913e+00
1.014000000000000012e+00
1.004999999999999893e+00
1.004999999999999893e+00
9.809999999999999831e-01
9.679999999999999716e-01
9.529999999999999583e-01
9.370000000000000551e-01
9.200000000000000400e-01
9.010000000000000231e-01
8.810000000000000053e-01
8.619999999999999885e-01
8.389999999999999680e-01
8.159999999999999476e-01
7.920000000000000373e-01
7.670000000000000151e-01
7.409999999999999920e-01
7.159999999999999698e-01
6.889999999999999458e-01
6.610000000000000320e-01
6.330000000000000071e-01
6.049999999999999822e-01
5.769999999999999574e-01
5.480000000000000426e-01
4.929999999999999938e-01
4.929999999999999938e-01
4.640000000000000235e-01
4.109999999999999765e-01
4.109999999999999765e-01
3.629999999999999893e-01
3.400000000000000244e-01
3.180000000000000049e-01
2.979999999999999871e-01
2.800000000000000266e-01
2.630000000000000115e-01
2.479999999999999982e-01
2.479999999999999982e-01
2.230000000000000038e-01
2.129999999999999949e-01
2.039999999999999869e-01
1.980000000000000093e-01
1.930000000000000049e-01
1.890000000000000013e-01
1.869999999999999996e-01
1.859999999999999987e-01
1.859999999999999987e-01
1.869999999999999996e-01
1.910000000000000031e-01
1.950000000000000067e-01
2.010000000000000120e-01
2.079999999999999905e-01
2.079999999999999905e-01
2.280000000000000082e-01
2.389999999999999902e-01
2.389999999999999902e-01
2.670000000000000151e-01
2.999999999999999889e-01
3.180000000000000049e-01
3.380000000000000226e-01
3.599999999999999867e-01
3.820000000000000062e-01
4.050000000000000266e-01
4.289999999999999925e-01
4.530000000000000138e-01
4.779999999999999805e-01
5.050000000000000044e-01
5.300000000000000266e-01
5.560000000000000497e-01
5.829999999999999627e-01
6.109999999999999876e-01
6.400000000000000133e-01
6.670000000000000373e-01
6.949999999999999512e-01
6.949999999999999512e-01
7.500000000000000000e-01
7.760000000000000231e-01
8.010000000000000453e-01
8.249999999999999556e-01
8.249999999999999556e-01
8.249999999999999556e-01
8.249999999999999556e-01
8.249999999999999556e-01
8.249999999999999556e-01
9.489999999999999547e-01
9.639999999999999680e-01
9.639999999999999680e-01
9.639999999999999680e-01
1.006000000000000005e+00
1.016000000000000014e+00
1.016000000000000014e+00
1.016000000000000014e+00
1.040000000000000036e+00
1.046000000000000041e+00
1.046000000000000041e+00
1.046000000000000041e+00
1.046000000000000041e+00
1.040999999999999925e+00
1.036999999999999922e+00
1.036999999999999922e+00
