0.000000000000000000e+00
0.000000000000000000e+00
0.000000000000000000e+00
1.559999999999999998e-01
1.559999999999999998e-01
1.559999999999999998e-01
1.559999999999999998e-01
1.559999999999999998e-01
1.559999999999999998e-01
1.559999999999999998e-01
1.559999999999999998e-01
1.559999999999999998e-01
1.559999999999999998e-01
1.559999999999999998e-01
1.559999999999999998e-01
1.529999999999999971e-01
1.529999999999999971e-01
1.529999999999999971e-01
1.529999999999999971e-01
1.529999999999999971e-01
1.529999999999999971e-01
1.529999999999999971e-01
1.829999999999999960e-01
1.829999999999999960e-01
1.829999999999999960e-01
1.829999999999999960e-01
2.439999999999999947e-01
2.439999999999999947e-01
2.439999999999999947e-01
2.439999999999999947e-01
2.439999999999999947e-01
3.410000000000000253e-01
3.410000000000000253e-01
4.759999999999999787e-01
4.759999999999999787e-01
4.759999999999999787e-01
5.859999999999999654e-01
6.239999999999999991e-01
6.570000000000000284e-01
6.909999999999999476e-01
7.219999999999999751e-01
7.520000000000000018e-01
7.790000000000000258e-01
8.010000000000000453e-01
8.349999999999999645e-01
8.469999999999999751e-01
8.469999999999999751e-01
8.569999999999999840e-01
8.559999999999999831e-01
8.489999999999999769e-01
8.359999999999999654e-01
8.359999999999999654e-01
8.219999999999999529e-01
7.790000000000000258e-01
7.790000000000000258e-01
7.530000000000000027e-01
6.909999999999999476e-01
6.590000000000000302e-01
6.239999999999999991e-01
5.869999999999999662e-01
5.510000000000000453e-01
5.120000000000000107e-01
5.120000000000000107e-01
4.359999999999999987e-01
4.359999999999999987e-01
4.359999999999999987e-01
3.160000000000000031e-01
2.750000000000000222e-01
2.750000000000000222e-01
2.750000000000000222e-01
2.750000000000000222e-01
2.750000000000000222e-01
7.499999999999999722e-02
7.499999999999999722e-02
7.499999999999999722e-02
7.499999999999999722e-02
7.499999999999999722e-02
7.499999999999999722e-02
-1.650000000000000078e-01
-1.650000000000000078e-01
-2.839999999999999747e-01
-3.230000000000000093e-01
-3.599999999999999867e-01
-3.980000000000000204e-01
-4.359999999999999987e-01
-4.680000000000000271e-01
-5.000000000000000000e-01
-5.300000000000000266e-01
-5.540000000000000480e-01
-5.759999999999999565e-01
-5.949999999999999734e-01
-6.079999999999999849e-01
-6.079999999999999849e-01
-6.079999999999999849e-01
-6.169999999999999929e-01
-6.169999999999999929e-01
-6.169999999999999929e-01
-6.199999999999999956e-01
-6.199999999999999956e-01
-5.859999999999999654e-01
-5.859999999999999654e-01
-5.200000000000000178e-01
-4.929999999999999938e-01
-4.620000000000000218e-01
-3.980000000000000204e-01
-3.639999999999999902e-01
-3.639999999999999902e-01
-2.939999999999999836e-01
-2.580000000000000071e-01
-2.580000000000000071e-01
-2.580000000000000071e-01
-2.580000000000000071e-01
-2.580000000000000071e-01
-2.580000000000000071e-01
-2.580000000000000071e-01
-2.580000000000000071e-01
-2.580000000000000071e-01
8.699999999999999400e-02
8.699999999999999400e-02
8.699999999999999400e-02
8.699999999999999400e-02
8.699999999999999400e-02
8.699999999999999400e-02
8.699999999999999400e-02
3.240000000000000102e-01
3.240000000000000102e-01
3.240000000000000102e-01
3.240000000000000102e-01
3.240000000000000102e-01
3.240000000000000102e-01
3.240000000000000102e-01
6.039999999999999813e-01
6.039999999999999813e-01
6.039999999999999813e-01
6.039999999999999813e-01
6.039999999999999813e-01
6.039999999999999813e-01
7.660000000000000142e-01
8.120000000000000551e-01
8.120000000000000551e-01
8.120000000000000551e-01
8.449999999999999734e-01
8.729999999999999982e-01
8.729999999999999982e-01
8.920000000000000151e-01
8.980000000000000204e-01
9.000000000000000222e-01
9.000000000000000222e-01
8.970000000000000195e-01
8.880000000000000115e-01
8.760000000000000009e-01
8.599999999999999867e-01
8.399999999999999689e-01
8.169999999999999485e-01
7.910000000000000364e-01
7.640000000000000124e-01
7.329999999999999849e-01
6.680000000000000382e-01
6.680000000000000382e-01
5.979999999999999760e-01
5.600000000000000533e-01
5.230000000000000204e-01
5.230000000000000204e-01
4.839999999999999858e-01
4.839999999999999858e-01
4.839999999999999858e-01
4.839999999999999858e-01
4.839999999999999858e-01
4.839999999999999858e-01
4.839999999999999858e-01
2.049999999999999878e-01
2.049999999999999878e-01
2.049999999999999878e-01
2.049999999999999878e-01
2.049999999999999878e-01
2.049999999999999878e-01
2.049999999999999878e-01
8.599999999999999312e-02
8.599999999999999312e-02
8.599999999999999312e-02
8.599999999999999312e-02
8.599999999999999312e-02
8.599999999999999312e-02
-2.740000000000000213e-01
-2.740000000000000213e-01
-3.920000000000000151e-01
-3.920000000000000151e-01
-3.920000000000000151e-01
-4.989999999999999991e-01
-4.989999999999999991e-01
-6.179999999999999938e-01
-6.420000000000000151e-01
-6.650000000000000355e-01
-6.650000000000000355e-01
-6.850000000000000533e-01
-6.850000000000000533e-01
-6.850000000000000533e-01
-6.850000000000000533e-01
-6.850000000000000533e-01
-7.269999999999999796e-01
-7.269999999999999796e-01
-7.269999999999999796e-01
-7.269999999999999796e-01
-7.269999999999999796e-01
-7.269999999999999796e-01
-7.269999999999999796e-01
-7.269999999999999796e-01
-7.269999999999999796e-01
-5.859999999999999654e-01
-5.859999999999999654e-01
-4.899999999999999911e-01
-4.550000000000000155e-01
-4.189999999999999836e-01
-3.439999999999999725e-01
-3.439999999999999725e-01
-2.670000000000000151e-01
-2.670000000000000151e-01
-2.290000000000000091e-01
-2.290000000000000091e-01
-1.519999999999999962e-01
-1.519999999999999962e-01
-1.519999999999999962e-01
-7.399999999999999634e-02
-7.399999999999999634e-02
5.000000000000000104e-03
1.239999999999999991e-01
1.630000000000000060e-01
2.039999999999999869e-01
2.419999999999999929e-01
2.419999999999999929e-01
2.810000000000000275e-01
2.810000000000000275e-01
2.810000000000000275e-01
4.410000000000000031e-01
4.799999999999999822e-01
4.799999999999999822e-01
5.510000000000000453e-01
5.510000000000000453e-01
6.149999999999999911e-01
6.420000000000000151e-01
6.420000000000000151e-01
6.420000000000000151e-01
7.039999999999999591e-01
