5.899999999999999689e-01
6.189999999999999947e-01
6.480000000000000204e-01
6.760000000000000453e-01
7.049999999999999600e-01
7.319999999999999840e-01
7.600000000000000089e-01
7.860000000000000320e-01
8.120000000000000551e-01
8.369999999999999662e-01
8.599999999999999867e-01
8.830000000000000071e-01
9.050000000000000266e-01
9.250000000000000444e-01
9.439999999999999503e-01
9.609999999999999654e-01
9.769999999999999796e-01
9.909999999999999920e-01
1.002999999999999892e+00
1.014000000000000012e+00
1.022999999999999909e+00
1.030000000000000027e+00
1.034999999999999920e+00
1.038000000000000034e+00
1.040000000000000036e+00
1.038999999999999924e+00
1.036999999999999922e+00
1.032999999999999918e+00
1.026999999999999913e+00
1.018999999999999906e+00
1.008999999999999897e+00
9.979999999999999982e-01
9.839999999999999858e-01
9.689999999999999725e-01
9.529999999999999583e-01
9.350000000000000533e-01
9.150000000000000355e-01
8.940000000000000169e-01
8.719999999999999973e-01
8.489999999999999769e-01
8.249999999999999556e-01
7.990000000000000435e-01
7.730000000000000204e-01
7.459999999999999964e-01
7.179999999999999716e-01
6.899999999999999467e-01
6.610000000000000320e-01
6.320000000000000062e-01
6.029999999999999805e-01
5.729999999999999538e-01
5.440000000000000391e-01
5.150000000000000133e-01
4.869999999999999885e-01
4.580000000000000182e-01
4.309999999999999942e-01
4.040000000000000258e-01
3.780000000000000027e-01
3.519999999999999796e-01
3.280000000000000138e-01
3.049999999999999933e-01
2.829999999999999738e-01
2.620000000000000107e-01
2.429999999999999938e-01
2.250000000000000056e-01
2.089999999999999913e-01
1.940000000000000058e-01
1.809999999999999942e-01
1.690000000000000113e-01
1.600000000000000033e-01
1.519999999999999962e-01
1.459999999999999909e-01
1.419999999999999873e-01
1.400000000000000133e-01
1.400000000000000133e-01
1.419999999999999873e-01
1.449999999999999900e-01
1.509999999999999953e-01
1.580000000000000016e-01
1.680000000000000104e-01
1.779999999999999916e-01
1.910000000000000031e-01
2.059999999999999887e-01
2.220000000000000029e-01
2.389999999999999902e-01
2.580000000000000071e-01
2.790000000000000258e-01
2.999999999999999889e-01
3.230000000000000093e-01
3.469999999999999751e-01
3.729999999999999982e-01
3.980000000000000204e-01
4.249999999999999889e-01
4.530000000000000138e-01
4.809999999999999831e-01
5.100000000000000089e-01
5.390000000000000346e-01
5.679999999999999494e-01
5.969999999999999751e-01
6.260000000000000009e-01
6.550000000000000266e-01
6.840000000000000524e-01
7.119999999999999662e-01
7.399999999999999911e-01
7.680000000000000160e-01
7.940000000000000391e-01
8.199999999999999512e-01
8.439999999999999725e-01
8.679999999999999938e-01
8.900000000000000133e-01
9.110000000000000320e-01
9.310000000000000497e-01
9.499999999999999556e-01
9.659999999999999698e-01
9.819999999999999840e-01
9.949999999999999956e-01
1.006999999999999895e+00
1.016999999999999904e+00
1.024999999999999911e+00
1.032000000000000028e+00
1.036000000000000032e+00
1.038999999999999924e+00
1.040000000000000036e+00
1.038999999999999924e+00
1.036000000000000032e+00
1.030999999999999917e+00
1.024000000000000021e+00
1.016000000000000014e+00
1.004999999999999893e+00
9.929999999999999938e-01
9.789999999999999813e-01
9.639999999999999680e-01
9.469999999999999529e-01
9.280000000000000471e-01
9.080000000000000293e-01
8.870000000000000107e-01
8.639999999999999902e-01
8.399999999999999689e-01
8.159999999999999476e-01
7.900000000000000355e-01
7.630000000000000115e-01
7.359999999999999876e-01
7.079999999999999627e-01
6.800000000000000488e-01
6.510000000000000231e-01
6.219999999999999973e-01
5.919999999999999707e-01
5.629999999999999449e-01
5.340000000000000302e-01
5.050000000000000044e-01
4.769999999999999796e-01
4.490000000000000102e-01
4.209999999999999853e-01
3.940000000000000169e-01
3.679999999999999938e-01
3.430000000000000271e-01
3.190000000000000058e-01
2.969999999999999862e-01
2.750000000000000222e-01
2.550000000000000044e-01
2.359999999999999876e-01
2.190000000000000002e-01
2.030000000000000138e-01
1.890000000000000013e-01
1.769999999999999907e-01
1.660000000000000087e-01
1.570000000000000007e-01
1.499999999999999944e-01
1.449999999999999900e-01
1.409999999999999865e-01
1.400000000000000133e-01
1.409999999999999865e-01
1.429999999999999882e-01
1.469999999999999918e-01
1.529999999999999971e-01
1.610000000000000042e-01
1.710000000000000131e-01
1.829999999999999960e-01
1.960000000000000075e-01
2.109999999999999931e-01
2.270000000000000073e-01
2.459999999999999964e-01
2.650000000000000133e-01
2.859999999999999765e-01
3.079999999999999960e-01
3.310000000000000164e-01
3.559999999999999831e-01
3.820000000000000062e-01
4.079999999999999738e-01
4.349999999999999978e-01
4.630000000000000226e-01
4.909999999999999920e-01
5.200000000000000178e-01
5.490000000000000435e-01
5.779999999999999583e-01
6.069999999999999840e-01
6.360000000000000098e-01
6.650000000000000355e-01
6.939999999999999503e-01
7.219999999999999751e-01
7.500000000000000000e-01
7.770000000000000240e-01
8.030000000000000471e-01
8.279999999999999583e-01
8.519999999999999796e-01
8.750000000000000000e-01
8.970000000000000195e-01
9.180000000000000382e-01
9.370000000000000551e-01
9.549999999999999600e-01
9.719999999999999751e-01
9.859999999999999876e-01
9.989999999999999991e-01
1.010999999999999899e+00
1.020000000000000018e+00
1.028000000000000025e+00
1.034000000000000030e+00
1.038000000000000034e+00
1.040000000000000036e+00
1.040000000000000036e+00
1.038000000000000034e+00
1.034000000000000030e+00
1.028999999999999915e+00
1.022000000000000020e+00
1.012999999999999901e+00
1.002000000000000002e+00
9.889999999999999902e-01
9.749999999999999778e-01
9.589999999999999636e-01
9.419999999999999485e-01
9.230000000000000426e-01
9.020000000000000240e-01
8.810000000000000053e-01
8.579999999999999849e-01
8.349999999999999645e-01
8.100000000000000533e-01
7.840000000000000302e-01
7.570000000000000062e-01
7.299999999999999822e-01
7.019999999999999574e-01
6.740000000000000435e-01
6.450000000000000178e-01
6.159999999999999920e-01
5.869999999999999662e-01
