-1.199999999999999956e-01
-1.029999999999999943e-01
-8.699999999999999400e-02
-7.000000000000000666e-02
-5.399999999999999939e-02
-3.799999999999999906e-02
-2.199999999999999872e-02
-7.000000000000000146e-03
8.000000000000000167e-03
2.299999999999999961e-02
3.599999999999999728e-02
5.000000000000000278e-02
6.199999999999999956e-02
7.399999999999999634e-02
8.400000000000000522e-02
9.400000000000000022e-02
1.039999999999999952e-01
1.120000000000000023e-01
1.189999999999999947e-01
1.250000000000000000e-01
1.300000000000000044e-01
1.340000000000000080e-01
1.370000000000000107e-01
1.390000000000000124e-01
1.400000000000000133e-01
1.400000000000000133e-01
1.380000000000000115e-01
1.360000000000000098e-01
1.320000000000000062e-01
1.280000000000000027e-01
1.219999999999999973e-01
1.150000000000000050e-01
1.079999999999999988e-01
9.900000000000000466e-02
8.899999999999999578e-02
7.900000000000000078e-02
6.700000000000000400e-02
5.500000000000000028e-02
4.200000000000000261e-02
2.900000000000000147e-02
1.499999999999999944e-02
-0.000000000000000000e+00
-1.499999999999999944e-02
-3.099999999999999978e-02
-4.700000000000000011e-02
-6.300000000000000044e-02
-8.000000000000000167e-02
-9.700000000000000289e-02
-1.140000000000000041e-01
-1.310000000000000053e-01
-1.469999999999999918e-01
-1.640000000000000069e-01
-1.809999999999999942e-01
-1.970000000000000084e-01
-2.129999999999999949e-01
-2.290000000000000091e-01
-2.439999999999999947e-01
-2.580000000000000071e-01
-2.720000000000000195e-01
-2.859999999999999765e-01
-2.979999999999999871e-01
-3.099999999999999978e-01
-3.210000000000000075e-01
-3.320000000000000173e-01
-3.410000000000000253e-01
-3.499999999999999778e-01
-3.569999999999999840e-01
-3.629999999999999893e-01
-3.689999999999999947e-01
-3.729999999999999982e-01
-3.770000000000000018e-01
-3.790000000000000036e-01
-3.800000000000000044e-01
-3.800000000000000044e-01
-3.790000000000000036e-01
-3.770000000000000018e-01
-3.729999999999999982e-01
-3.689999999999999947e-01
-3.639999999999999902e-01
-3.569999999999999840e-01
-3.499999999999999778e-01
-3.410000000000000253e-01
-3.320000000000000173e-01
-3.220000000000000084e-01
-3.109999999999999987e-01
-2.989999999999999880e-01
-2.859999999999999765e-01
-2.730000000000000204e-01
-2.590000000000000080e-01
-2.439999999999999947e-01
-2.290000000000000091e-01
-2.129999999999999949e-01
-1.970000000000000084e-01
-1.809999999999999942e-01
-1.650000000000000078e-01
-1.479999999999999927e-01
-1.310000000000000053e-01
-1.140000000000000041e-01
-9.700000000000000289e-02
-8.000000000000000167e-02
-6.400000000000000133e-02
-4.700000000000000011e-02
-3.099999999999999978e-02
-1.499999999999999944e-02
-0.000000000000000000e+00
1.499999999999999944e-02
2.900000000000000147e-02
4.200000000000000261e-02
5.500000000000000028e-02
6.700000000000000400e-02
7.900000000000000078e-02
8.899999999999999578e-02
9.900000000000000466e-02
1.069999999999999979e-01
1.150000000000000050e-01
1.219999999999999973e-01
1.270000000000000018e-01
1.320000000000000062e-01
1.360000000000000098e-01
1.380000000000000115e-01
1.400000000000000133e-01
1.400000000000000133e-01
1.390000000000000124e-01
1.370000000000000107e-01
1.340000000000000080e-01
1.300000000000000044e-01
1.250000000000000000e-01
1.189999999999999947e-01
1.120000000000000023e-01
1.039999999999999952e-01
9.500000000000000111e-02
8.500000000000000611e-02
7.399999999999999634e-02
6.199999999999999956e-02
5.000000000000000278e-02
3.699999999999999817e-02
2.299999999999999961e-02
8.999999999999999320e-03
-6.000000000000000125e-03
-2.199999999999999872e-02
-3.799999999999999906e-02
-5.399999999999999939e-02
-7.000000000000000666e-02
-8.699999999999999400e-02
-1.039999999999999952e-01
-1.209999999999999964e-01
-1.370000000000000107e-01
-1.539999999999999980e-01
-1.700000000000000122e-01
-1.869999999999999996e-01
-2.030000000000000138e-01
-2.190000000000000002e-01
-2.340000000000000135e-01
-2.489999999999999991e-01
-2.630000000000000115e-01
-2.770000000000000240e-01
-2.899999999999999800e-01
-3.029999999999999916e-01
-3.140000000000000013e-01
-3.250000000000000111e-01
-3.350000000000000200e-01
-3.439999999999999725e-01
-3.519999999999999796e-01
-3.589999999999999858e-01
-3.649999999999999911e-01
-3.699999999999999956e-01
-3.739999999999999991e-01
-3.770000000000000018e-01
-3.790000000000000036e-01
-3.800000000000000044e-01
-3.800000000000000044e-01
-3.780000000000000027e-01
-3.760000000000000009e-01
-3.719999999999999973e-01
-3.669999999999999929e-01
-3.619999999999999885e-01
-3.549999999999999822e-01
-3.469999999999999751e-01
-3.380000000000000226e-01
-3.290000000000000147e-01
-3.180000000000000049e-01
-3.069999999999999951e-01
-2.949999999999999845e-01
-2.819999999999999729e-01
-2.680000000000000160e-01
-2.540000000000000036e-01
-2.389999999999999902e-01
-2.240000000000000047e-01
-2.089999999999999913e-01
-1.920000000000000040e-01
-1.759999999999999898e-01
-1.590000000000000024e-01
-1.419999999999999873e-01
-1.260000000000000009e-01
-1.089999999999999997e-01
-9.199999999999999845e-02
-7.499999999999999722e-02
-5.899999999999999689e-02
-4.200000000000000261e-02
-2.599999999999999881e-02
-1.099999999999999936e-02
4.000000000000000083e-03
1.899999999999999953e-02
3.300000000000000155e-02
4.599999999999999922e-02
5.899999999999999689e-02
7.099999999999999367e-02
8.200000000000000344e-02
9.199999999999999845e-02
1.010000000000000064e-01
1.100000000000000006e-01
1.170000000000000068e-01
1.239999999999999991e-01
1.290000000000000036e-01
1.330000000000000071e-01
1.370000000000000107e-01
1.390000000000000124e-01
1.400000000000000133e-01
1.400000000000000133e-01
1.390000000000000124e-01
1.370000000000000107e-01
1.330000000000000071e-01
1.290000000000000036e-01
1.239999999999999991e-01
1.170000000000000068e-01
1.100000000000000006e-01
1.010000000000000064e-01
9.199999999999999845e-02
8.200000000000000344e-02
7.099999999999999367e-02
5.899999999999999689e-02
4.599999999999999922e-02
3.300000000000000155e-02
1.899999999999999953e-02
4.000000000000000083e-03
-1.099999999999999936e-02
-2.599999999999999881e-02
-4.200000000000000261e-02
-5.899999999999999689e-02
-7.499999999999999722e-02
-9.199999999999999845e-02
-1.089999999999999997e-01
-1.260000000000000009e-01
